image: nhk2020map.png
resolution: 0.010000
origin: [-6.700000, -0.0500000, 0.000000]
negate: 0
occupied_thresh: 0.65
free_thresh: 0.196

